lstm/lstm_cell/kernel:0
(71, 1024)
[[-0.4498822  -0.45282823 -0.01027405 ... -0.0211984  -0.19204836
  -0.7502645 ]
 [-0.20942593  0.7405468   0.27792934 ...  0.10533663  0.49948013
  -0.22740923]
 [-0.3953441  -0.4199028   0.04861196 ... -0.36067373  0.03892125
  -0.14475438]
 ...
 [ 0.23595627 -0.0139382   0.33605814 ...  0.3487963   0.95590293
   0.5128921 ]
 [-0.36154932 -0.0075033   1.0203669  ...  0.31852153  0.03360146
  -0.4589888 ]
 [ 0.26518953  0.401077   -0.03321138 ...  0.5173156  -0.13572739
  -0.15273885]]
lstm/lstm_cell/recurrent_kernel:0
(256, 1024)
[[ 0.38186398 -0.1403719   0.13156629 ...  0.38274914 -0.0100918
   0.05797321]
 [-0.45760772  0.39145604  0.1931382  ...  0.01429718 -0.07586688
  -0.22398902]
 [ 0.07899534 -0.02071426 -0.5551737  ... -0.32766917 -0.0588226
   0.14997537]
 ...
 [-0.2234656  -0.04038429  0.11533986 ... -0.05379045  0.17180364
   0.15723516]
 [ 0.02583417 -0.04994255  0.06908718 ...  0.04779467  0.4244458
  -0.04926796]
 [ 0.37885192 -0.01753821 -0.04093495 ... -0.04798663 -0.15051952
  -0.14598468]]
lstm/lstm_cell/bias:0
(1024,)
[-0.540678   -0.37876198 -0.37940118 ... -0.3830858  -0.3656707
 -0.28431326]
lstm_1/lstm_cell_1/kernel:0
(92, 1024)
[[ 8.33790958e-01  8.47106576e-02 -1.40298933e-01 ...  4.16070968e-01
   3.47303361e-01  5.97780824e-01]
 [ 6.13976860e+00  3.11430842e-01  1.59833503e+00 ...  1.81166446e+00
   3.83807516e+00  8.53119969e-01]
 [ 1.12171352e+00 -3.52300107e-01  1.16941873e-02 ...  6.97924852e-01
   2.50014472e+00 -2.69694626e-01]
 ...
 [ 1.89750090e-01 -1.68634895e-02 -4.10499386e-02 ...  1.04139652e-02
   3.78969455e+00 -1.70421377e-02]
 [ 7.02995360e-01 -5.20864269e-03 -2.18925208e-01 ...  6.01225197e-02
  -7.61293352e-01 -2.20137432e-01]
 [ 1.10254467e+00 -5.21898806e-01  9.99258682e-02 ... -1.02313675e-01
   7.17945099e+00  2.71022022e-01]]
lstm_1/lstm_cell_1/recurrent_kernel:0
(256, 1024)
[[ 0.5273672   0.17764772 -0.05610985 ... -0.41047505 -0.40666178
   0.26882625]
 [-0.61646795  0.30770525  0.01790646 ...  0.3544129   0.06488501
   0.48734048]
 [-0.06307619 -0.14234    -0.65306437 ... -0.3865372  -0.29481056
  -0.23080938]
 ...
 [ 0.54674417  0.23161447  0.04936896 ...  0.3183312  -0.52019155
   0.4827774 ]
 [ 0.80699146  0.44993883 -0.34796715 ...  0.11903282 -0.3786507
   0.05649921]
 [ 0.16865087 -0.24541886  0.46128666 ... -0.10388274  0.12000998
  -0.683729  ]]
lstm_1/lstm_cell_1/bias:0
(1024,)
[ 0.48463875  0.03570031  0.14290822 ...  0.1509064  -0.0236025
 -0.04893159]
dense/kernel:0
(256, 92)
[[ 31.63331   31.71125   31.755104 ...  31.64488   31.638977  31.49763 ]
 [-31.668201 -31.76881  -31.765797 ... -31.636826 -31.634163 -31.795383]
 [ 31.608002  31.632452  31.590416 ...  31.791344  31.567009  31.434486]
 ...
 [-31.560001 -31.61322  -31.653193 ... -31.601254 -31.754805 -31.66654 ]
 [-31.683937 -31.504902 -31.78367  ... -31.523632 -31.696793 -32.017567]
 [ 31.631876  31.697992  31.571491 ...  31.618866  31.890749  31.838385]]
dense/bias:0
(92,)
[-31.638706 -31.62293  -31.591343 -31.523962 -31.444317 -31.606136
 -31.60848  -31.568213 -31.270266 -30.95046  -31.605856 -31.568348
 -31.54449  -31.475239 -31.587072 -31.3766   -31.518007 -31.62525
 -31.581612 -31.462343 -31.55188  -31.342655 -31.616209 -31.197012
 -31.481888 -31.160633 -31.572802 -31.589417 -31.437042 -31.309032
 -31.628485 -31.612354 -31.553787 -31.620956 -31.484169 -31.611425
 -31.631954 -31.601444 -31.509403 -30.940607 -31.3648   -31.54603
 -31.474709 -31.470407 -31.591381 -31.447655 -31.527887 -31.513432
 -31.596853 -31.410898 -31.342337 -31.60473  -31.545616 -31.56334
 -31.430485 -31.636269 -31.57745  -31.594893 -31.5851   -31.561388
 -31.605394 -31.604837 -31.589666 -31.555725 -31.624298 -31.584059
 -31.582724 -31.266008 -31.437386 -31.651869 -31.103306 -31.476591
 -30.95471  -31.60855  -31.52401  -31.538692 -31.339281 -31.486217
 -31.445042 -31.563868 -31.496115 -31.621422 -31.534763 -31.646923
 -31.412806 -31.539366 -31.625235 -31.614004 -31.250196 -31.610302
 -31.413645 -31.245157]
